2025-09-10-18-54.txt_vs_2025-09-10-15-08.txt_80,72,8,0
2025-09-10-15-08.txt_vs_2025-09-10-18-54.txt_80,16,64,0
2025-09-10-18-54.txt_vs_2025-09-10-15-22.txt_80,64,16,0
2025-09-10-15-22.txt_vs_2025-09-10-18-54.txt_80,0,80,0
2025-09-10-18-54.txt_vs_2025-09-10-15-54.txt_80,8,72,0
2025-09-10-15-54.txt_vs_2025-09-10-18-54.txt_80,48,32,0
2025-09-10-18-54.txt_vs_2025-09-10-16-08.txt_80,11,69,0
2025-09-10-16-08.txt_vs_2025-09-10-18-54.txt_80,67,13,0
2025-09-10-18-54.txt_vs_2025-09-10-16-27.txt_80,40,40,0
2025-09-10-16-27.txt_vs_2025-09-10-18-54.txt_80,16,64,0
2025-09-10-18-54.txt_vs_2025-09-10-16-40.txt_80,14,66,0
2025-09-10-16-40.txt_vs_2025-09-10-18-54.txt_80,59,21,0
2025-09-10-18-54.txt_vs_2025-09-10-17-16.txt_80,13,67,0
2025-09-10-17-16.txt_vs_2025-09-10-18-54.txt_80,53,27,0
2025-09-10-18-54.txt_vs_2025-09-10-17-54.txt_80,32,48,0
2025-09-10-17-54.txt_vs_2025-09-10-18-54.txt_80,32,48,0
2025-09-10-18-54.txt_vs_2025-09-10-18-11.txt_80,24,56,0
2025-09-10-18-11.txt_vs_2025-09-10-18-54.txt_80,32,48,0
2025-09-10-18-54.txt_vs_2025-09-10-18-32.txt_80,24,56,0
2025-09-10-18-32.txt_vs_2025-09-10-18-54.txt_80,32,48,0
TOTAL_RED_WINS=657
TOTAL_BLUE_WINS=943
TOTAL_DRAWS=0
OVERALL_SCORE=-286
