2025-09-10-18-54.txt_vs_2025-09-10-15-08.txt_80,72,8,0
2025-09-10-15-08.txt_vs_2025-09-10-18-54.txt_80,16,64,0
2025-09-10-18-54.txt_vs_2025-09-10-15-22.txt_80,64,16,0
2025-09-10-15-22.txt_vs_2025-09-10-18-54.txt_80,0,80,0
2025-09-10-18-54.txt_vs_2025-09-10-15-54.txt_80,8,72,0
2025-09-10-15-54.txt_vs_2025-09-10-18-54.txt_80,48,32,0
2025-09-10-18-54.txt_vs_2025-09-10-16-08.txt_80,17,63,0
2025-09-10-16-08.txt_vs_2025-09-10-18-54.txt_80,52,28,0
2025-09-10-18-54.txt_vs_2025-09-10-16-27.txt_80,40,40,0
2025-09-10-16-27.txt_vs_2025-09-10-18-54.txt_80,16,64,0
2025-09-10-18-54.txt_vs_2025-09-10-16-40.txt_80,19,61,0
2025-09-10-16-40.txt_vs_2025-09-10-18-54.txt_80,63,17,0
2025-09-10-18-54.txt_vs_2025-09-10-17-16.txt_80,11,69,0
2025-09-10-17-16.txt_vs_2025-09-10-18-54.txt_80,62,18,0
2025-09-10-18-54.txt_vs_2025-09-10-17-54.txt_80,32,48,0
2025-09-10-17-54.txt_vs_2025-09-10-18-54.txt_80,32,48,0
2025-09-10-18-54.txt_vs_2025-09-10-18-11.txt_80,24,56,0
2025-09-10-18-11.txt_vs_2025-09-10-18-54.txt_80,32,48,0
2025-09-10-18-54.txt_vs_2025-09-10-18-32.txt_80,24,56,0
2025-09-10-18-32.txt_vs_2025-09-10-18-54.txt_80,32,48,0
TOTAL_RED_WINS=664
TOTAL_BLUE_WINS=936
TOTAL_DRAWS=0
OVERALL_SCORE=-272
